13
13
13
13
13
13
13
13
13
13
13
13
13
13
13
13
13
13
13
13
13
13
13
13
13
13
13
13
13
13
13
13
13
17
13
26
26
43
35
13
17
17
26
26
13
17
13
14
26
26
26
26
26
26
26
26
26
26
13
13
26
26
26
26
42
29
29
29
32
26
23
32
32
14
23
29
26
40
32
32
29
32
32
29
26
32
29
43
29
29
26
17
13
17
26
26
17
23
26
23
26
23
14
26
26
12
12
23
12
40
26
26
26
26
17
23
14
26
23
35
23
23
20
14
13
14
26
13
26
13
12
26
20
52
26
26
17
58
29
14
43
13
26
13
13
12
12
20
20
17
26
52
17
39
23
14
38
13
20
29
13
17
26
26
26
26
13
26
17
42
16
26
26
17
42
17
21
26
16
16
17
27
23
13
17
16
16
26
39
39
39
26
29
29
29
29
29
29
43
29
26
26
26
26
14
14
14
14
32
32
32
32
32
32
32
26
32
32
32
32
32
29
29
26
23
23
23
23
23
23
35
23
23
23
23
23
12
12
12
12
26
26
26
26
26
26
26
26
26
26
26
26
26
23
26
23
